 350   650   920  1160  1370  1550  1700  1820  1910  1970
2000  2000  2000  2000  2000  2000  2000  2000  2000  2000
2000  2000  2000  2000  2000  2000  2000  2000  2000  2000
2000  2000  2000  2000  2000  2000  2000  2000

----------------------------------------------------------
other choices:

 330   510   800  1000  1200  1500  2000  2000  2000  2000
2000  2000  2000  2000  2000  2000  2000  2000  2000  2000  
2000  2000  2000  2000  2000  2000  2000  2000  2000  2000  
2000  2000  2000  2000  2000  2000  2000  2000
