    215    261    305    347    388    426    463    497    530    561
    590    617    643    666    688    707    725    741    755    767
    778    786    793    797    800    800    800    800    800    800
    800    800    800    800    800    800    800    800    800    800
    800    800    800    800    800    800    800    800    800    800
    800    800    800    800    800    800    800    800    800    800
    800    800    800    800    800    800    800    800    800    800
    800    800    800    800    800    800    800    800    800    800
    800    800    800    800    800    800    800    800    800    800
    800    800    800    800    800    800    800    800    800    800
