2.0    3.0    4.0    5.0    6.0    8.0   10.0   12.0   15.0   18.0
21.0   25.0   29.0   33.0   38.0   43.0   48.0   54.0   60.0   66.0
73.0   81.0   90.0  101.0  114.0  129.0  146.0  166.0  189.0  215.0
244.0  276.0



1.   2.   3.   4.   6.   8.  10.  13.  16.  20. 
24.  28.  33.  38.  43.  49.  55.  61.  68.  75. 
82.  90.  98. 106. 115. 125. 126. 138. 151. 165. 
180. 196.


   1.   2.   3.   4.   5.   6.   7.   8.   9.  10.
  11.  13.  15.  17.  19.  21.  23.  25.  27.  29.
  31.  34.  37.  40.  43.  46.  49.  52.  54.  57.
  61.  65.  69.  73.  77.  81.  85.  89.  94.  99.
 104. 109. 114. 119. 124. 130. 136. 142. 148. 154.
 160. 167.

  5.   7.   9.  11.  13.  15.  17.  19.  22.  26. 
 31.  37.  45.  55.  67.  81.  98. 118. 141. 168. 
199. 234. 274. 319. 369. 425.

2.5   3.   3.5   4.   5.   6.   7.   9.  11.  13.      
18.  22.   26.  31.  37.  45.  55.  67.  81.  98.
118. 141. 168.  199. 234. 274.

