20.820 21.640 22.460 23.280 24.100 24.920 25.740 26.550 27.340 28.100
28.820 29.490 30.100 30.640 31.100 31.480 31.780 32.010 32.180 32.300
32.380 32.430 32.460 32.480 32.500 32.520 32.540 32.560 32.580 32.600
32.620 32.640

19.52 20.20 20.93 21.71 22.54 23.41 24.31 25.23 26.15 27.05 
27.91 28.71 29.44 30.09 30.65 31.12 31.50 31.80 32.03 32.20 
32.32 32.40 32.45 32.48 32.50 32.52 32.54 32.56 32.58 32.60 
32.62 32.64

23.381 24.350 25.246 26.070 26.819 27.500 28.116 28.670 29.167 29.610   
30.003 30.350 30.654 30.920 31.151 31.350 31.523 31.670 31.795 31.900  
31.988 32.060 32.120 32.170 32.213 32.250 32.282 32.310 32.336 32.360 
32.381 32.400 32.416 32.430 32.445 32.460 32.475 32.490 32.504 32.517 
32.529 32.540 32.550 32.560 32.570 32.580 32.590 32.600 32.610 32.620 
32.630 32.640
-- 2xsig1g

24.35 26.07 27.50 28.67 29.61 30.35 30.92 31.35 31.67 31.90 
32.06 32.17 32.25 32.31 32.36 32.40 32.43 32.46 32.49 32.52 
32.54 32.56 32.58 32.60 32.62 32.64
-- sig1g

19.01 20.75 22.38 23.90 25.31 26.60 27.76 28.78 29.65 30.37 
30.95 31.40 31.74 31.99 32.17 32.30 32.39 32.45 32.49 32.52 
32.54 32.56 32.58 32.60 32.62 32.64
-- sig1a

18.099 19.010 19.894 20.750 21.579 22.380 23.154 23.900 24.619 25.310   
25.971 26.600 27.197 27.760 28.288 28.780 29.234 29.650 30.028 30.370  
30.677 30.950 31.190 31.400 31.583 31.740 31.875 31.990 32.087 32.170 
32.241 32.300 32.349 32.390 32.423 32.450 32.472 32.490 32.506 32.520 
32.531 32.540 32.550 32.560 32.570 32.580 32.590 32.600 32.610 32.620 
32.630 32.640
-- 2xsig1a
