   223   234   244   253   261   268   274   279   283   287
   291   295   299   303   307   311   315   319   323   327
   331   335   339   344   350   357   365   374   384   395
   407   421   437   455   475   497   522   551   585   626
   676   737   812   904  1017  1156  1328  1544  1823  2200
 - - - - - - - - - - - - - - -
   224   234   243   251   258   264   269   274   279   284
   289   294   299   304   309   314   319   324   329   334
   339   344   349   355   362   370   379   389   400   412
   426   442   460   480   502   526   553   584   620   662
   712   772   844   931  1036  1163  1318  1510  1752  2062
