  217.1  223.0  228.6  234.0  239.1  244.0  248.6  253.0  257.1  261.0
  264.6  268.0  271.1  274.0  276.6  279.0  281.1  283.0  285.0  287.0
  289.0  291.0  293.0  295.0  297.0  299.0  301.0  303.0  305.0  307.0
  309.0  311.0  313.0  315.0  317.0  319.0  321.0  323.0  325.0  327.0
  329.0  331.0  333.0  335.0  336.9  339.0  341.4  344.0  346.9  350.0
  353.4  357.0  360.9  365.0  369.4  374.0  378.9  384.0  389.4  395.0
  400.8  407.0  413.8  421.0  428.8  437.0  445.8  455.0  464.8  475.0
  485.7  497.0  509.1  522.0  535.9  551.0  567.2  585.0  604.5  626.0
  649.8  676.0  704.9  737.0  772.6  812.0  855.6  904.0  957.6 1017.0
 1082.8 1156.0 1237.2 1328.0 1429.3 1544.0 1673.4 1823.0 1999.2 2200.0
