  225    237    248    258    267    275    282    288    293    297
  301    305    309    313    317    321    325    329    333    337
  341    346    353    363    377    396    421    453    493    542
  602    677    774    904   1083   1333   1683   2170

----------------------------------------------------------
other choices:
  224    236    245    252    260    268    275    281    285    289
  293    297    301    305    309    313    317    321    325    329
  334    340    347    355    370    385    400    420    450    490
  540    600    670    750    900   1100   1500   2200
